7 10 20 2 5 0.1 50 0.01 0.85 4 0.7 2
NAME : instance-2025-09-20-18-42-08
LOCATION : 
TYPE : CVRPTW
SIZE : 8
CAPACITY : 100
NODES
0 20.994550 105.826132 1 0 480 5 0 0
1 21.011707 105.835570 1 0 480 5 2 0
2 21.018601 105.819268 1 0 480 5 0 1
3 20.999681 105.804338 12 0 480 5 0 6
4 20.978033 105.852214 1 0 480 5 0 0
5 20.975788 105.811716 5 0 480 5 0 7
6 20.981240 105.837285 1 0 480 5 3 0
7 20.994550 105.848782 1 0 480 5 5 0
EDGES
0 6 7 7 9 8 5 5
5 0 4 7 8 8 6 4
6 4 0 6 11 8 8 7
7 7 6 0 12 6 9 7
9 8 10 11 0 9 6 5
8 9 8 6 10 0 7 9
6 6 8 9 6 7 0 5
6 5 7 7 5 9 5 0
EOF